653635
102466751
100996442
729737
102723897
102465909
112268260
100132287
113219467
100133331
107984841
107984847
107984849
100288069
79854
643837
148398
26155
339451
84069
57801
9636
375790
54991
51150
126792
118424
6339
116983
126789
54973
80772
1855
54587
54998
81669
148413
55052
83858
55210
29101
643988
142678
8510
984
728661
8511
728642
9906
112268218
65220
2782
5590
100506504
199990
112268219
6497
79906
11079
5192
55229
115110
8764
127281
79258
1953
127262
49856
57212
57470
9731
1677
339448
261734
8514
6146
388591
23463
11332
79707
3104
9903
148479
90326
55735
23261
9341
8863
3604
11315
473
102724552
2023
6518
80045
9563
84275
199953
5293
644997
22883
56998
105376717
84328
64802
116362
10277
23095
5226
1676
5195
54897
148345
23435
10747
6723
5394
2475
29914
93611
26270
10459
57085
284498
4524
1185
100379251
4878
90231
5351
9927
60672
943
102465836
7133
107984917
55187
7799
23254
55092
101927441
79180
842
23341
84301
6248
23207
284723
440567
729614
23013
7709
128272
54455
26099
374955
55707
107984921
114819
55672
105376794
84809
105376805
9696
23400
6390
11240
23569
55920
55160
8659
126917
23352
101927895
23065
51154
100506730
8574
54896
832
440574
100532736
644068
255104
23252
79594
978
65018
100861548
1650
112268222
50809
8672
1889
84224
249
84196
29092
998
9923
712
714
713
2048
23028
7798
100996511
10236
80818
148898
1870
3399
6135
6924
100506963
57095
105376860
11313
2582
3155
2517
55629
10772
57185
11123
10250
25932
864
25949
57035
6007
23585
6006
55219
26119
57134
57190
56181
646471
79000
164091
3925
5051
149420
51042
64793
83442
91544
1043
79947
3151
6195
8289
55650
84243
54707
63906
10726
388610
6548
23038
84065
644961
84958
9064
10163
27245
2268
2537
199870
23673
5511
9473
6118
55113
2140
5724
22826
93974
83667
54797
65979
1104
8420
54952
85028
6883
10691
51441
2035
399474
6429
51102
7805
105378620
9672
9698
9410
51538
347735
3061
553115
8073
10657
55116
23633
200081
79140
56063
55721
149069
8668
3065
65108
81629
100128071
55108
339487
5928
81493
57648
8565
64766
127544
204
55223
149076
1912
100500853
7579
113444
58512
653160
100506144
9204
79830
6421
9202
79932
23154
339488
105378645
5690
127703
192670
26523
192669
54936
1296
27095
55700
9967
79729
55194
83931
84967
64960
1441
728431
80149
64769
79753
29889
54955
55143
79693
127687
4520
3633
10946
2275
51118
64121
100527950
26292
79647
4725
23499
353500
728448
8761
101929516
10450
656
105378951
107985740
54802
4610
105378668
84879
10487
5538
6018
10269
1298
107984945
64744
65243
339559
64789
127396
9783
100130557
4802
163732
1503
22955
59269
22887
728621
79717
10465
4904
64175
79078
374969
114625
51058
6513
10969
64834
112950
107984947
23334
100873952
81888
9682
100132774
6487
9670
1802
533
149473
55929
79033
55182
107984950
79639
339541
6202
1263
343521
149478
8643
8891
79654
7389
4595
114034
10420
126661
25974
5052
10327
4678
149483
60313
51249
3652
23139
55624
8438
10489
7388
387338
2166
100507423
8569
148932
64756
100130197
9813
51727
84793
200010
54558
11124
1031
26994
2060
114883
4898
105378721
51060
112970
91408
9372
200014
84950
23318
2882
65260
79699
55268
6342
1376
54987
4116
7804
107984957
55706
54432
51668
115353
9528
127428
606495
51253
23648
26027
100527960
7268
25973
1718
23358
100507634
115209
114803
3725
55277
4774
83941
7398
85440
84938
29929
23421
84455
5236
55225
3716
205
3953
54741
5142
57708
23169
26135
1647
100289178
79971
55631
9295
81573
11147
100132618
9406
257194
100526835
8790
1429
127253
34
1744
5876
256435
10026
26009
23032
374986
91624
8880
11080
10964
10561
5567
80135
2787
100505741
1486
105378819
117178
255231
148423
8915
646626
54680
57489
51100
9403
9653
8543
5586
2959
56267
494115
2635
105378841
2633
2634
112268267
115361
115362
23507
84230
55144
284695
84146
8317
23285
11146
79871
7813
6125
388650
22823
50999
343099
100131564
1810
30836
2730
9411
5825
199857
100527978
25950
58155
1806
100873932
391059
178
23443
64645
163786
54482
127495
1629
8634
8556
2135
148867
51611
102606465
55599
280
279
278
55170
10451
107985124
29957
284611
113802
55119
6814
29899
23155
22911
6884
56900
57535
6301
1952
84722
6272
5686
127002
284613
2773
271
2948
2946
2944
1435
10768
85369
257
3749
64783
10542
3738
963
55791
128338
10390
79961
1117
5016
79084
515
128346
57413
140
5906
107985184
55924
11218
55917
7482
54879
829
4343
389
6566
9860
260425
10745
54665
100287722
26191
10717
64858
204851
51592
10286
4893
7812
80143
10100
81839
55356
476
84852
112268235
965
914
5738
9398
101929099
8458
10905
54855
54834
10885
10352
101929147
644242
90874
4853
9554
105378954
728841
100996724
101929796
101060684
728855
100996720
2210
100996318
653820
653464
647121
107985200
107985201
338391
100132417
440686
554282
100996712
100996732
284565
647135
728833
103091866
100996740
100288142
101929780
653519
27246
10623
200035
10401
8515
8799
114814
9939
105371260
128077
84265
10628
100132406
388677
170688
102724364
100996756
149013
5565
9557
171423
2330
607
51205
51463
200030
100132057
388685
105371224
25832
100996763
440672
100996517
9659
112268272
400818
100996716
100996717
101060226
57234
644634
2209
440689
8370
8337
337873
723790
112268238
554313
8349
8338
51027
10262
10903
11311
51177
105371433
81611
23632
51107
79630
54460
9129
23248
80222
100289061
54507
574406
4170
2029
55204
84072
1520
1513
405
9869
29956
8416
55793
58497
149428
54964
56882
126626
10500
388695
100534012
79626
79005
29765
6944
8394
5710
100507670
57592
5298
5993
5692
23126
7286
81609
11189
65005
51686
11022
117145
6281
105371441
6282
101927949
6280
6283
6279
6277
6276
6275
101928034
6284
26097
23557
3608
65123
11000
57459
101928059
9909
200186
27173
148327
10899
5872
6232
7170
25912
9898
10456
57198
3570
126669
55585
100874097
1141
103
10654
57326
90780
101928120
6464
1163
80308
51043
127579
100505666
8751
1945
1944
55974
54344
200185
7059
105371450
4580
2630
2629
10712
10067
1196
57657
2224
284618
23623
55870
645676
101929703
55154
55249
7818
100129405
54856
23208
6016
22889
9181
107985209
6746
105371729
56893
28956
4000
64218
9673
100527963
11243
632
79957
23381
84283
112770
7203
4209
128240
54865
1382
81875
51093
79590
3068
5546
9826
2117
83416
115352
79368
115350
912
909
911
913
128372
4332
3428
105371461
9447
2205
54935
56833
284677
25790
8407
93183
93185
480
844
729867
8682
50717
100287049
5824
107985219
1314
474338
23385
4807
114836
8832
962
57823
4063
51744
50848
100131187
7391
257106
5202
4817
9191
51506
27005
5498
8703
4720
2207
84134
9970
105371472
4359
6391
2212
100189380
3310
2214
9103
3311
2215
2213
84824
11266
22926
25903
117157
127933
6675
51478
4259
223
54499
7371
57645
117143
5451
8804
92241
9019
25874
55827
261726
375035
84832
9095
481
29922
8548
10560
2153
6403
6402
92342
55732
57147
22920
92344
2329
23215
8674
51603
26052
5279
51430
7292
9588
27252
55157
100506046
60674
26769
26802
26774
106635533
84614
149041
9910
105371622
27101
63931
9674
64326
111240474
89866
730102
9462
55103
9917
64222
27
6646
163590
26092
9857
5768
89884
84320
100527964
9213
57710
10228
3140
51278
777
2752
6041
80896
647070
1660
3915
9887
4688
10092
23179
116461
80267
116496
6045
81627
54823
10625
10216
7175
54953
5743
5321
64407
100616345
5997
51377
6738
51022
79577
360023
163486
140609
5788
23528
83479
23271
23046
252839
1465
107985246
376693
89796
55705
149345
10440
6051
112268254
1999
9283
127829
5778
4660
127833
105371686
10765
5877
59349
51094
51706
92703
8497
4608
1116
100506775
7832
493
9877
100381270
6635
84919
5287
4194
105371692
10446
388730
5929
25778
81788
5129
2005
64710
8934
254428
103021295
729533
23380
9641
83593
1939
9261
3586
9214
55432
5208
1604
1378
1379
4179
100128537
407026
5362
50486
80342
148304
27042
55733
55758
7188
84791
7779
9926
25896
100131205
5525
55248
29937
467
55509
25936
128387
642946
28982
90806
26750
56950
107985263
51133
55105
51018
127018
643136
2058
10380
55699
25782
79762
64757
100873924
3142
11221
79802
9015
375056
64853
148362
84976
7100
824
7159
441124
100287497
23219
8560
101927164
4931
29097
80232
3930
6726
2052
9725
29920
163859
3020
64746
107985353
142
3707
100506443
5664
56997
339500
116841
65094
375
79169
128308
2987
200205
84033
81559
149603
58480
5867
126731
55746
23456
27097
9816
101927532
2590
22796
107985358
84886
79573
64801
375061
128061
8443
112268256
149371
83932
107985360
54583
100303453
7257
27185
57568
54627
84284
80003
84451
101927765
388753
6894
359948
105373211
101927851
107985366
9804
23029
51742
9453
6905
148789
1130
4811
7107
56605
3964
100287902
107985367
55127
4548
2271
8564
23596
1122
731275
9859
10806
10000
10472
105373262
159
51029
112268258
116228
3192
106635532
101928068
84288
64754
64216
163882
51097
25909
93474
79862
7678
112268259
100500849
84838
114548
25893
80851
79894
55657
267002
102724250
26751
52
129787
7260
51112
55256
246243
100506054
6201
104326052
129607
91543
9781
100506299
3398
57498
129642
8853
9270
51692
285148
6868
10971
9014
112268412
101929882
8462
3241
4953
79954
245973
10130
130814
9475
1876
23175
28951
51594
1653
81553
79677
348654
100526794
57665
400946
130502
57539
9741
23369
105373465
388
64342
60526
54454
165324
80304
2281
51639
375190
9540
50618
8648
391356
79172
109
51277
5443
1788
1838
55252
3797
10890
105374333
3030
3032
85465
54978
22924
54867
60509
100128731
11117
3795
84696
10113
8884
51374
790
7349
4358
2976
100505624
105374363
8890
9784
130557
5496
2498
29959
200634
26160
84450
79635
11321
9913
22950
9553
64080
9577
100302650
2355
151056
112267877
5500
245711
55006
23160
165186
79745
51646
81606
253558
79623
30845
51072
84661
6683
55676
58484
84272
57448
55622
25940
51232
9637
6801
54497
253635
5610
100505876
10153
55471
23683
25797
10602
101929559
151393
1545
285154
64225
92906
130589
6432
79833
90957
729967
6654
8491
80745
6546
101929667
27436
107985873
9167
57504
165140
23498
105374570
678
100129726
63892
107985877
51626
10128
5495
6519
9581
79823
55133
102724965
5581
2034
90423
23433
100506142
5281
9419
105374584
9655
90411
57217
805
4436
2956
80204
100506235
3344
129285
51130
100302652
27248
112268415
23198
98
6711
400954
57142
130162
6233
4528
344405
55704
112942
57223
87178
7444
55120
53335
64895
5966
150962
5194
84542
339803
339804
130872
9736
7514
10575
150684
10678
23301
5013
51057
4190
7360
51542
57162
100507006
105374768
29094
101927402
54812
9792
107984063
6509
23177
5861
10097
200734
54465
10438
116143
56902
5534
101927723
5341
554251
200558
9938
2673
27247
22848
112268437
307
64395
11017
4084
151516
400960
5093
54980
7072
51449
6637
84908
7039
119
165530
79998
113419
105374796
55577
84693
10199
400961
27332
8291
23233
6697
94097
10322
84279
10574
150726
7840
51002
8446
10617
112268419
1716
100874048
200424
388962
55233
10797
57835
1639
388963
84058
100532735
83444
23559
7841
116540
84865
64427
151534
84759
550
27429
84695
1796
130951
3099
105374809
56655
9801
6936
8802
129293
105374836
9168
56888
83439
100996506
10618
54884
84173
822
100630918
4144
2677
8673
10791
51255
129303
10713
388969
10578
84913
8869
112268420
25885
55037
10989
51318
55818
100526767
51652
7844
64795
400966
5343
285074
102724642
112597
730268
5342
729857
51315
55258
101928371
9451
22934
3514
28912
107985911
64969
84874
7549
51011
150763
1844
56910
285033
55654
9391
23020
10865
55683
81562
26504
26505
200539
51239
54910
375248
57730
1329
10120
728537
23505
107985921
3631
493753
25972
11320
343990
51601
129531
51263
129530
10190
9669
51455
3899
79031
6160
11138
100506286
55571
105373511
284996
692205
9448
100506328
7850
3554
8809
8807
84804
64965
101927492
9392
100506473
79074
8440
80146
653489
285190
9648
3987
5903
344558
151011
65124
84220
96626
205251
100288695
729540
55289
10018
541471
64682
10461
84910
129804
84524
376940
727851
150465
84172
101927330
84269
400999
6574
102724955
284958
3553
3557
23550
7849
654433
150472
375260
84771
118433
11159
80255
10096
8886
107985939
54520
51141
8685
55240
105373581
130355
1622
80775
5775
57669
79134
5899
23332
254128
84365
7247
2995
274
2071
10746
100506922
55677
4648
55339
84826
5433
83607
107985944
79595
56886
9394
84084
55627
80097
84317
92856
26469
50649
130074
55041
150786
653784
150776
4249
905
22930
84083
23518
107985946
23190
4175
1615
101928243
112268426
7852
3176
339745
8942
55843
79712
9839
100303491
105373656
92
5000
55777
26122
27249
101929231
375287
9111
101929319
7130
55183
4703
101929356
26225
785
10254
114793
55660
151188
4929
440918
2820
57471
728066
105373711
9595
90
8502
151525
29994
643072
64844
100526664
9936
4065
5937
10010
10213
285116
64135
25801
90134
2591
79809
6335
27347
253782
100861402
10170
79675
9360
6741
29081
130507
26003
9874
79828
80067
79901
1781
8604
8520
254042
3655
5163
51776
6670
29789
9541
79634
151556
7456
440926
1386
518
80856
10651
220988
100616394
4780
100130691
8540
150737
129831
101927027
8575
65977
100506866
7273
91404
57703
10477
3676
375298
6744
54431
129401
105373780
91752
55854
3685
10203
84128
30061
54529
110599588
150709
64172
94101
5378
26275
3628
54842
100131211
4664
2744
6772
64859
105747689
57181
9262
101927454
57520
9330
80055
91526
23451
80219
3329
106635540
100529241
3336
25843
92935
5334
23314
348751
205327
129450
79568
26010
130535
101927795
9689
1195
53938
60491
4999
285172
4709
105373836
8837
65072
843
841
130540
66008
55437
57679
7341
51602
659
150864
130026
55759
79800
65065
57404
10152
65059
8828
54891
4719
1933
22868
130749
8609
101927865
1385
151194
151195
7855
389072
3417
200576
6120
151050
10314
580
471
2335
55825
92691
7520
150967
50485
6168
101928156
7145
285180
3580
3579
3577
101928487
10109
151306
14
25953
64114
102465256
375307
101928513
6556
58190
7429
57695
9125
84812
7701
617
64320
27148
9654
1593
107985986
53632
7475
79840
151295
27013
79137
130617
10058
79065
55139
79411
8576
7277
3300
23549
1674
29926
114790
130367
10056
2181
57590
65080
79843
8452
55619
3667
84236
56947
3267
55022
9320
3431
11262
93349
105373925
6672
51719
81618
5707
4691
5757
100302285
5147
64708
129563
200765
9470
26058
3635
55054
8527
55230
10123
23677
10920
9208
375316
100533179
140739
51540
80895
643387
55502
8864
26146
51665
107986003
9759
101928111
4705
150678
51281
285193
57140
101752400
11132
2859
728763
200772
25992
130916
23178
5510
50636
3069
101927509
4735
9855
10494
51078
23192
1841
84289
728294
728323
51095
51185
285362
6419
3708
8553
55207
9695
56852
9901
25917
440944
55209
64419
7862
4968
8536
10474
10093
100526693
26140
285367
84522
84818
78987
285368
55831
442075
152302
2177
55845
7428
3656
9797
113219470
100126793
84657
51738
6396
102723663
10533
9686
105376952
132001
5468
80746
23609
5894
6161
619563
9922
23225
79885
131474
79188
7508
107986063
27258
6533
80852
51244
84077
100505641
7182
64432
64145
23473
100505696
9467
131965
85403
8292
26061
686
23243
285381
92106
23180
23228
9779
6304
151651
5868
151649
8850
7325
7324
28512
6138
9975
7155
55768
54995
9497
152100
64343
152098
7048
201595
23171
112616
54918
51143
25904
2720
643853
10491
25827
7342
23122
105377023
10015
9881
9852
4292
9209
112268444
2803
3680
10217
50853
5333
9940
30
4615
9943
9942
93
9941
57599
64689
199223
64651
1524
54977
3921
10289
285266
9045
285267
253639
285268
1499
54986
107986077
22906
7433
100874007
9117
51188
4820
92999
152206
729083
25994
84892
54861
100873954
55129
51099
285343
102724231
353274
285346
55888
110354863
10168
7584
57456
131616
51304
23016
7123
23395
8994
644714
22908
54585
79443
105377067
1230
1232
729230
102724297
1234
9034
259173
151903
23218
100129354
29072
285352
64147
23276
25930
22937
54859
6599
22907
4134
820
51385
10201
101060195
5364
79714
51372
84126
111822955
11277
51246
5210
1294
7384
65010
1951
51517
51447
5576
788
646450
10425
54681
11180
55152
25915
3615
54870
5859
10869
3913
64925
200942
375341
100422952
7375
107986084
2876
387
6988
275
84276
1605
327
4485
63891
386724
29925
9807
7318
100847079
84315
10180
10181
100775107
100129060
2771
7869
132228
7866
8372
24142
3373
8692
11334
11186
102060282
51364
10641
11068
11070
51161
51409
1154
7867
107986085
7873
29890
9730
23132
51368
9136
10039
84836
100526760
25864
95
6159
1849
25886
211
54106
11344
132160
80335
132158
25981
8314
51533
11188
23166
64943
440957
55193
26354
55830
28972
6787
3697
3700
100873993
100526772
389125
375346
51460
91869
5580
7086
55802
55540
93973
58515
55799
285331
23272
50650
26060
142686
105377102
201626
378
201627
7871
2317
57406
11102
109703458
54899
5162
107986092
200845
2272
57415
80145
6314
100507062
9861
115286
26018
84541
8801
285203
7110
9039
10550
23150
4286
27086
317649
2850
60675
285286
23429
55164
151987
55096
692099
100131827
2632
25978
8545
55279
285237
200894
200895
63899
131544
84864
56650
1371
10402
131566
84319
55773
56954
9868
10342
57337
54931
57092
27107
100009676
6152
105374013
79598
91775
64332
214
868
56987
961
101929623
55081
57650
9666
55347
64422
55032
131450
29083
25871
55779
152185
54847
205717
80218
523
54762
254887
57577
79691
201633
26137
8702
57514
55254
56983
51300
141
64091
10063
2932
107986119
116064
4710
285282
2960
51725
3059
2804
9657
55840
6565
942
1475
131076
26355
54554
3836
105374071
83666
151636
165631
54625
79663
84925
100129550
10954
26984
201562
64770
7372
3693
57493
7707
8723
114885
54946
79364
166012
84303
5361
131601
4171
50512
80325
11343
29927
8607
60678
6184
7879
28976
57501
100534599
339122
57461
7555
105374102
22820
56941
8971
339942
132241
8930
55764
23129
23023
100507032
30849
27032
28990
152195
131870
11222
105374114
55
23317
100532724
84129
79876
27031
55573
11073
58477
6259
25847
80254
2047
339855
5523
55167
5096
10274
101927597
4690
107986136
53833
51163
25852
347736
22808
55179
5291
56945
9276
349565
55186
92370
253461
5922
9616
483
7029
256356
54464
545
23350
9435
285195
205428
5359
2992
6596
84343
1356
51122
11342
105374152
653659
9819
27230
83939
51714
6478
9934
53829
64805
4154
401093
105374162
5028
5912
170506
4311
9197
8833
7881
6747
100287227
25976
647033
57018
101928236
5806
51319
100996447
85476
56925
64747
100174949
57560
10051
286827
3840
151742
51068
101243545
151790
11235
27333
55892
151827
7095
26996
80012
5584
6498
200916
56648
23043
5337
64778
107986153
8743
57552
1894
79718
64393
5290
27094
51193
55669
59345
86
57129
4711
107986158
8975
151613
339829
8087
131118
23200
54165
56922
23101
84002
100505687
89857
54800
55689
100874113
79929
55486
10057
8893
1857
1173
55324
10195
110599564
110599583
5708
1981
131408
1181
5437
2049
64110
23355
1962
9175
101929018
90407
59343
10644
6434
2119
105374257
1608
1427
55171
51726
1974
6043
619568
5984
6480
64108
604
339929
4026
3556
152137
151963
4976
3280
79572
100507297
55341
131583
152002
23527
5504
727956
440993
693155
200958
10188
100128262
255812
7037
200931
5130
26043
165918
348793
200933
375387
84984
54965
5062
205564
22916
100874001
152217
80235
1739
622
220729
9711
84248
84859
84223
6165
89782
728262
152687
255403
7700
79963
170960
54872
5158
521
4636
84179
10336
107986211
2580
84286
1609
10861
3425
53834
285463
1487
92070
10296
57654
152877
7884
92305
10460
112268460
3954
7468
7469
401115
79441
10608
100616358
57732
6047
8603
79155
6452
118
10227
317648
8602
3064
345222
6002
4043
85013
55646
166793
53407
55351
23324
93621
93622
6286
114932
55330
9778
57533
100129931
257236
93624
80273
54436
8310
152992
56606
9948
85460
9364
259282
132864
57545
26234
285550
683
952
202018
202020
5860
51056
80306
27146
54876
64151
254251
133015
107986265
1665
91050
102723675
51091
285540
55300
29063
29945
23231
389203
3516
55296
57620
116984
768211
55276
23216
105374407
79667
51274
81793
7096
10333
92689
80008
51088
57728
5981
6133
11019
7358
100885776
201895
3093
23244
55728
399
54502
79730
55161
285429
10463
10396
60558
132789
54951
57205
101927179
152518
7294
7006
57606
326340
285527
54940
23142
6443
64854
57291
152579
81608
84708
26511
79644
55858
9575
55763
9662
132949
5471
10606
6731
5978
84273
5431
3490
255130
1060
55236
550112
91746
27284
57050
22902
2926
92597
1633
285521
26057
3576
2919
2920
441024
2069
25898
152815
9908
8615
27163
55153
4283
3627
53371
950
100631383
8987
55752
10983
101928864
901
246175
65008
306
100505702
101928893
55589
152559
118429
56978
153020
3184
9987
58478
22872
100499177
79725
132660
51138
51316
27235
10855
113510
51023
84142
84803
23001
404201
83478
5783
4299
57563
345275
51170
53343
6696
5311
152926
55008
102723458
51191
84992
100996939
8916
285512
10144
166815
285513
6622
56916
10611
5910
1977
23173
128
93587
27071
8649
79982
3015
5530
90024
55024
64116
4790
105377347
4126
102723704
7323
493856
150159
56898
54790
27068
57117
79807
93627
9255
9061
166929
113612
3033
6164
58505
10427
55013
839
81579
54433
132720
55435
92610
80216
55345
51574
109864269
817
100093630
645455
729218
57721
9871
401152
401149
645513
8654
11107
308
5393
890
55212
84162
166379
166378
57182
256471
80167
55132
10424
79960
132320
132321
25819
1998
4717
80155
105377449
83452
80854
4258
55534
60592
255520
23158
27309
100507639
3600
84640
2549
8467
10393
6059
54726
4086
166785
11157
84068
55751
90826
79658
987
6189
107986196
5188
55294
54553
201799
27236
85462
303
23240
100419170
7097
285533
105377499
5356
2982
2983
1519
56034
51313
285505
55314
201725
2110
5481
57600
9693
92345
55319
55016
201931
11275
6307
55601
91351
23022
84869
57630
4750
1182
54969
101930370
51809
3148
8819
26269
80817
116966
60559
175
1635
80014
55602
3622
201965
60684
3660
836
201973
79682
2180
105377587
731424
57587
353322
55325
285440
2483
133957
6389
10016
57491
11336
6550
25845
100288152
55722
11076
79844
65980
10723
81037
79888
728609
64979
4726
23379
84246
54888
6715
11044
4552
79072
134145
22948
10299
113218502
83853
651746
1611
7204
54491
106635684
90268
56172
100130744
90441
54463
4651
10409
102723526
728411
29102
55322
64083
54545
51663
10923
6897
23600
100534612
114899
646652
5810
55299
134218
5618
79925
92255
6502
133686
6507
107986412
646719
25836
65250
9631
55100
253260
2533
1601
5734
23548
5562
6167
84674
5019
285636
26272
643977
105374746
648987
389289
153684
100132356
100506639
7690
3157
64417
10605
100652772
23530
10884
133418
79668
3672
53918
4338
4724
54622
112574
105378967
54505
23517
8611
153129
133396
3572
4214
105378980
133383
166968
65056
10769
202309
5144
1161
91942
643155
57688
3796
27292
51194
101180901
285672
10283
23398
373
80006
112441434
54557
57486
55914
140890
375449
4064
5295
64924
64946
92259
1022
202243
102157402
6880
5884
728340
112267941
728492
6607
11039
112267939
112267940
653238
11042
441081
653080
101929599
8293
6606
4671
112267942
2966
55814
64087
23107
79810
167465
3842
115548
689
57763
84135
8507
3074
84340
10412
3156
10087
51426
134359
10788
2150
170591
1393
55109
84327
8622
55255
6902
8546
728769
9522
10184
411
133746
167153
345778
256987
9765
167555
340120
1719
4437
100131067
84240
23635
83734
6228
92270
153339
7518
1462
1350
5921
902
644285
153396
100505894
109729137
4208
101929423
1070
153364
116068
107986432
107986433
100505994
57561
83989
285600
84250
79772
9652
2745
102724720
22936
831
51752
102724748
64167
4012
55781
1105
100289230
345757
7903
107986437
353189
5066
54826
23262
90355
64839
100652853
2241
285638
9867
4124
91137
134430
814
134429
100505678
9315
64097
114915
324
6728
7905
167227
4163
64848
55521
5229
153733
56929
100302736
353376
101927100
51014
9140
1176
51397
57556
285605
100422885
1657
25816
3295
153443
6643
28966
153241
1456
65983
51808
4001
115123
133619
644873
6558
2201
51015
3094
90624
56990
105379173
51735
96459
6583
553103
6584
441108
102723741
3659
10111
101927761
11127
23176
134549
2661
27089
27125
54819
3308
56951
7416
6500
5515
100500905
51265
7320
91368
23338
51128
10802
819
9879
134553
79770
84105
100996485
9555
140947
497189
105379189
7045
4090
6695
10949
27039
51306
10902
8697
51307
51780
1958
2107
3313
105379193
1495
64374
9782
51247
202051
202052
340061
7322
51523
5813
492311
84418
5201
1839
404734
54882
8637
10011
10307
113829
112267855
55374
929
4695
3550
100500820
54853
373863
3035
23438
153527
6879
1729
8841
285613
89848
64411
9812
51294
9604
10007
80762
23092
2908
81555
153768
51520
54439
10915
81545
154
134266
78991
1452
133522
1836
81789
22993
1436
5159
6949
972
6208
3340
55696
51164
85027
91975
2878
10318
309
107986463
26112
105378230
2760
206358
2196
6678
475
100652758
10146
10827
4238
55568
79685
23367
10826
9337
25929
29093
84868
9443
26999
8728
54974
134353
9685
153830
134510
7265
114825
79616
10569
107075116
900
134492
27430
5917
79646
54908
1794
133874
3937
100128059
3779
4869
23291
6793
107986477
92181
285590
1843
105377730
57222
51121
8992
153222
662
91272
80315
94081
3274
105377743
84321
375484
57179
51491
192286
1212
23197
22838
26262
90249
3101
51720
23567
64324
53917
27166
83463
10960
10636
2161
2870
340037
80758
1627
9260
79930
51428
54540
107986488
54732
11285
202181
728554
64777
55651
3182
85007
57396
6940
117608
345462
30832
80230
101928445
3187
821
9794
4056
11282
8878
51149
23061
55819
5601
57472
4245
100859930
729678
643836
79908
10917
81786
107986496
90933
10399
619571
101928649
84851
100507602
105377771
107986495
100132062
102723922
56940
3662
55770
2762
100508120
340156
56897
1992
221756
101927730
5272
5269
401232
4835
401233
101927759
8737
670
7280
347733
389362
63027
221749
26240
8899
404220
10455
9425
10799
57128
648791
10667
2162
9450
101928004
101928047
6239
6745
83732
154007
654
100526836
81567
100526837
63915
9521
51000
2651
55003
51522
81853
4117
221710
4739
105374925
112267953
100113407
3096
1906
221692
107080638
100130357
51256
54438
23408
51406
10048
63933
9308
3720
84062
29116
2766
6310
101928433
51439
9972
63971
378884
7172
221656
7913
255488
154141
1871
54901
6659
57380
2822
9856
51567
55856
81688
51053
9750
105374981
8418
55604
10475
3006
3077
8347
8334
3017
8351
105374985
11118
10385
11119
54718
10384
11120
285819
107986583
493812
10473
29777
79692
85236
7738
100129195
80345
7745
7746
387032
7741
84547
80317
9753
5987
2550
346171
3134
285830
3135
3136
80868
3105
80862
3137
30834
6992
80352
7726
3139
414777
56658
202658
79897
3133
2794
80742
23
5514
28973
79969
221545
8449
170954
11270
9656
203068
10211
105379695
8870
780
2968
57176
54535
6941
253018
3107
3106
102465537
101929072
100507436
10866
352961
102725068
4277
100532737
7919
4795
7124
4050
7940
259197
199
7916
7917
55937
57827
7918
1460
58496
80741
105375019
7920
105375018
23564
1192
100532732
4439
401251
80737
7407
57819
3305
3303
3304
50854
4758
10919
107986588
717
7936
6499
1797
8859
720
721
1388
63943
9374
100532746
80864
10554
102466190
6048
177
5089
63940
4855
3122
3127
3128
3123
107986589
3117
3119
106480429
3118
3120
3112
6891
5696
100507463
6890
5698
100294145
3109
3108
6046
3111
3113
3115
3116
1302
6257
7922
7923
6015
414765
6293
6222
8705
9277
10471
5863
6892
9278
1616
5252
51596
8831
221504
578
3710
84300
221496
3159
221491
11165
100529239
6204
64771
101929243
6631
54887
6882
23294
7629
50619
5467
2178
4736
2289
6732
116369
1432
5603
27154
105375036
285848
51513
222658
11329
6428
1026
401258
57699
221477
51645
23787
221472
5292
55633
9025
23070
154467
60685
114781
2739
55776
222643
221443
4800
221442
79865
340206
285852
54210
116113
7942
10817
29964
100188893
25862
9477
705
896
129685
2979
55173
55809
105375061
23304
6903
23506
401261
285855
441150
10695
107080644
27232
5190
4201
5528
116138
88745
9820
51069
89953
112267958
6722
23113
10591
401262
24149
89845
65989
93643
25844
9533
57510
5429
54676
9587
221421
55168
7422
64928
55362
107986599
2030
3326
347734
100616124
4794
57505
988
8464
860
22875
221400
7941
23607
4594
55166
4172
85315
114327
9697
401264
125050
22858
26268
8521
60481
2729
667
57691
26036
5558
375513
106660612
7803
23469
112935969
441155
101928307
55788
57579
135154
60682
135152
79627
115004
25821
1915
26503
1347
55754
26054
55023
9324
100288198
594
55603
25998
23033
5238
112611
4199
51167
22832
57231
10492
387066
692088
23036
57150
10559
57038
23595
55122
8732
10957
135293
2570
51465
58528
22881
57226
23195
9994
60468
6885
79694
23376
29078
253714
26235
51805
25957
101927365
100130890
85015
892
10973
57531
105377920
5550
639
9474
202
84816
55278
100133941
51250
57673
57107
256380
11231
28962
8724
246269
2309
84071
27244
285753
8763
285755
6610
64780
9841
221264
9896
8936
51362
8528
85413
105377938
23097
262
112495
84154
91749
5980
643749
10758
2534
105377945
102724646
51175
4082
3066
101927768
221294
23270
29940
7259
100287467
441168
51389
221302
3841
285761
57120
116150
387119
254394
25842
4121
3298
57515
10924
154214
51020
135112
135114
60487
387103
81847
55862
93663
84456
154075
2037
9465
383
9439
8417
8876
55350
8875
116843
6206
594839
9519
6446
107986646
10767
4602
113115
9774
9053
4217
101928429
5191
3459
107986649
7128
23593
57224
441172
25901
85021
58527
51696
10370
51534
3097
107986655
51390
134637
8504
2519
9749
84946
5325
83443
8676
7402
7957
100507557
84085
257218
10981
729178
134957
23328
10090
23118
340152
85313
116254
11104
9113
348995
5110
25902
57621
55005
79624
80129
23345
26271
54516
26034
22828
26230
51106
57492
729515
79683
51429
8871
84947
404672
56995
57583
6993
94120
100500851
7430
101409257
83861
105378083
117289
6648
9589
39
6950
29074
3482
729603
6580
4216
56895
100526820
9444
107986668
113402
51660
6196
8635
105378120
11116
4301
253769
387263
55274
55780
401289
84498
5689
6908
5134
105375112
105375114
100507642
56975
5575
101926963
54919
23353
51608
11033
90639
84310
2852
90637
101927021
79778
26173
7975
100128653
202915
84262
114796
8379
29960
4521
29886
8662
55501
3955
221927
23288
80727
2768
221937
9907
441191
57786
26100
222962
84629
80028
60
6624
107986762
54476
401303
51622
107986694
5395
7965
27102
84132
9265
84792
5879
221955
11014
55146
79034
100131017
7559
441194
221960
107986696
56913
54468
6119
729852
113263
3382
4697
9678
54664
10124
57037
28969
27075
196
23161
9734
107986698
221830
222901
6671
8701
55536
54543
84668
55975
11097
10457
115416
29896
90693
340277
1687
26031
54205
136895
9603
3181
11335
29887
105375304
8935
100506311
11112
8887
221895
100128081
9586
54504
1124
646762
9805
55033
84725
222166
105375218
223082
222161
100506516
10392
79017
401320
2617
10842
23658
23080
100129460
25948
441212
11328
51251
6100
27241
23333
64224
101930085
989
80820
313
9844
100861514
353345
51314
83930
100506776
6979
27072
57002
5898
349114
112267983
8621
136647
79020
5683
64983
9263
55744
644
100534592
64951
55665
51619
84820
285955
401331
255031
28988
5224
27434
5425
10652
23386
54606
222068
4967
83637
5478
94239
5814
64005
285958
102723334
83605
9238
641977
64759
168507
3364
7378
10320
63979
2887
23480
55915
81552
349075
51373
2631
5723
908
25870
5260
51142
728927
340252
51427
7697
10793
109504726
51351
2086
643180
168374
441242
643253
154807
2990
435
27297
8460
285908
493754
154881
27342
729156
644794
55069
112268006
51119
55253
64940
441250
155370
9883
260294
378108
442578
100101440
643862
100093631
654816
55695
9031
9275
26608
84277
114049
83451
3984
7458
7462
5982
7461
2969
101926943
653361
84163
442582
5383
729438
81554
389524
654817
2970
107986710
54441
541473
155400
100101267
442590
5387
3092
57414
5447
83862
51657
4191
3315
7532
136853
7784
113878
105375355
100133091
22932
441263
100132832
100505767
641808
57639
10875
54103
5782
100505854
222194
85025
57157
948
10512
3082
9988
79161
11257
54677
55972
10926
6717
102723885
79689
85865
5218
8321
7978
10142
1595
889
54467
57798
5189
84060
257415
1021
54809
219285
55610
10282
64921
5445
5166
10165
7979
57001
440
107986827
389538
22853
25851
25798
55971
8295
101927550
57154
10552
10095
11333
8896
113219453
100526740
26024
10898
9551
285989
84124
23660
221786
79027
100289187
221785
1577
89122
7586
7589
7551
10980
4176
9179
6878
245812
389541
55262
100616439
221914
10734
352954
79037
441272
5379
101752399
101735302
101752334
29990
29992
55063
56257
221908
101927632
402573
81628
3268
100316904
4034
101927655
5118
64598
2783
64599
10248
2050
56996
7205
51593
81844
1174
8985
10467
24146
51024
1523
10603
729597
100630923
100289561
79706
80228
54784
222229
5439
100271927
548644
107983993
441273
10156
246721
100134938
100310812
100133005
222234
222235
58160
83787
222236
9512
27000
5701
375611
5001
55904
100216546
100216545
6733
54517
60561
100130771
222255
6856
10135
168455
5294
5577
26959
10466
11062
115253422
55973
101927974
79872
1738
50640
168451
4189
83943
9732
11179
3475
286006
64418
154743
401397
29969
22797
26136
830
7982
51691
54556
79974
10447
4698
8976
25913
168850
79571
381
105375489
27044
64101
55131
401399
107986845
3614
29923
55798
101928451
402483
346653
813
9296
3663
23534
340348
23382
4899
7328
51530
23008
84928
95681
4232
26958
378805
4289
5420
54927
100500804
60412
84912
231
669
78996
55281
29062
4850
23165
647087
767558
136319
64764
8805
56829
113218503
254048
51631
154791
100996928
100129148
28996
6916
107986853
105375532
64761
80853
100134229
84255
23608
90956
100134713
4708
673
51650
55750
57189
6742
23601
8972
93432
28638
2051
373156
835
9715
100507507
7791
2041
285965
105375547
285966
9747
27010
8454
2146
9601
136051
57541
8427
7988
100289678
155060
27153
155061
79970
84626
168544
23145
643641
155066
653857
65999
113763
29803
285971
728743
155038
168537
55303
474344
26157
100527949
170575
55340
105375566
28959
55365
11194
9311
1020
6522
10922
83590
116988
114483834
10061
54480
768213
6604
51667
349136
6009
51422
644090
100505483
63917
58508
100128822
57180
100132707
22976
202781
105375588
3638
100506302
155435
140545
64327
64434
9690
10049
5799
100506585
54892
57488
55112
101927506
644128
169270
26260
157697
2055
101927752
9920
100287015
79648
55326
1667
1668
286042
157285
137075
9258
90459
79660
8658
4482
112268021
54984
66036
640
252969
2222
1508
100506990
91694
10395
4481
51201
29883
137492
9108
5108
427
9
55790
55174
4023
6570
526
2675
9046
23039
64760
79873
80346
649
661
5533
10174
64236
541565
107986876
57805
55909
1960
105379321
23221
8795
107986929
254896
8794
8793
8797
389641
91782
203069
4017
9583
51312
4824
10863
80005
2796
54793
5520
665
105379337
1808
23087
2185
1191
51435
55246
55140
5368
55893
2137
55756
79618
23303
51669
23484
10671
11030
2961
2936
7993
5516
7486
3084
105379362
84750
84549
80185
79845
80139
102723701
11160
11212
25960
55290
80223
1978
9070
105379382
27257
9530
23259
84513
54904
137994
2260
6867
59339
83877
8754
51125
137964
7994
10947
3551
105379395
5423
7419
6575
114926
55145
81790
84376
2339
138050
23514
1052
5591
4173
7336
115294
102724330
9821
51606
6917
10434
29088
137695
96764
4067
6224
79145
100507632
54928
90362
137886
6386
8439
5862
55636
157807
444
8836
253943
55156
9650
5150
23212
137872
80124
100533105
56260
23678
157777
641638
641648
10987
79848
10565
81796
10499
23471
286190
51110
7013
157869
6129
157506
27067
105375902
55284
6921
54968
23643
54332
5828
51101
28957
65986
55824
105375924
2171
3612
79752
64089
85444
401466
377677
760
11059
51115
8895
101929709
8767
734
4683
1666
169200
55529
100506365
51633
286144
137392
389677
54704
25962
286148
55656
9134
137682
94241
79666
157657
7381
51001
9791
6383
10404
85453
92140
6156
26775
10247
10940
79815
6788
107986871
157680
1345
5440
6674
25897
157567
26986
102466854
7534
51123
83955
50484
101927221
51366
7071
51582
528
81034
25879
29967
55074
284
3646
9694
84955
56943
9166
7227
8667
105375713
84294
5885
90390
2131
4856
6873
28998
6641
22882
79139
93594
84933
100533106
11244
29028
55093
114907
157769
157378
55039
11236
83940
4715
9788
105375740
6713
9897
286053
10221
101867536
4609
5820
51571
50807
23167
23639
137835
51105
6503
10397
6482
57623
102723694
83696
54108
27161
5747
101927963
22898
105375785
57210
101928037
11156
203062
575
8629
51337
137797
66004
4061
286128
2738
100507316
79943
116447
114822
23144
79792
100310756
642475
93100
1936
84948
65263
7264
9831
286075
286077
23513
22827
340371
5339
84875
2907
26873
54512
8733
1537
81858
84232
340390
51236
727957
23246
642658
3297
8694
102465511
340393
26233
79581
203054
29894
100126351
55630
51160
4796
50626
90990
8928
84988
101928953
113655
9401
9684
441381
414919
90987
80778
6132
340385
100130027
7553
28991
58500
7564
286101
65265
100287171
55871
81704
157983
112268042
6595
9933
5991
403313
55664
50808
10171
3717
55848
29126
57589
79956
158358
26953
115426
23081
90871
340481
158219
6619
11168
54875
158297
10670
54801
123
55667
6194
4300
54914
401494
55958
4507
1030
79886
9373
80173
79817
112268043
107987057
203228
48
23586
10210
100129250
4712
54840
3301
55234
2683
101929639
573
51510
4799
65083
304
11191
54926
55833
25853
51271
347240
318
203259
375704
138716
11258
10280
2592
3590
107987063
23349
25822
7415
2189
84720
30968
80256
10497
9853
7016
971
203260
84904
7169
7094
102465513
10488
57704
9827
692094
26206
84681
51754
8434
152007
1211
10020
152006
5079
100506710
84186
9380
9925
64425
26267
401505
158234
51010
79269
92014
6461
219
79937
389741
107986991
107986997
100132352
595135
644019
100616184
107984035
728577
100289279
103352539
203274
100616194
105379251
220869
107987072
26149
643827
445571
5239
101927015
8395
116224
101927069
2395
9414
320
375743
256691
23137
687
23670
51104
138241
100507540
7763
216
301
140803
55071
138199
54981
26578
105376090
5125
55312
653162
2650
158471
23230
2776
107987081
84131
7091
7088
257019
414328
29979
80318
55582
84267
3190
407043
80010
101927603
23287
60560
51280
81689
79670
1612
1514
23552
10927
286223
1903
1164
79048
10507
105376137
10912
6850
549
4783
10558
112268048
3376
55035
401541
64768
23299
138649
83744
89846
101927954
203328
84270
4814
445577
107987097
158293
23196
5253
107987098
138639
158257
169841
84641
2203
84909
2176
100128782
375748
11046
22927
195827
22869
158431
84278
101926917
23424
7111
158427
4686
7507
112268051
51531
10541
54187
9830
7464
55357
7046
85365
10952
55014
23071
27130
54881
91283
54534
7743
56254
116443
10592
25934
55335
19
23446
83856
26134
2218
55151
112268052
5887
9314
107987112
105376214
8518
54942
23731
445815
7295
1902
23392
552891
548645
2790
158401
7357
105376220
64420
9991
84263
100133204
158405
58493
401548
107987118
57864
112268054
100128385
286333
1318
23307
1317
246184
9128
81932
210
54107
5998
114991
5004
5005
80709
9550
203197
9966
944
22954
7099
105376244
55755
1955
26190
100288842
5711
253039
26147
7185
727
11064
51552
2934
57000
2040
2681
158135
4702
92400
92399
5742
5082
54542
10773
57684
23637
55342
286204
57706
10783
5695
100129034
2649
169611
401551
11224
81873
2800
286205
5537
10244
3309
26130
112268055
79109
5090
89853
23099
403341
9649
29988
7633
6136
90678
64855
138428
286207
27433
10044
107987132
1025
2356
2022
102723566
203
30815
27090
8818
399665
203245
114789
100289019
80142
79095
25792
1759
2801
375757
26995
51117
10999
81605
4957
2733
6709
89891
105376287
6418
29941
84885
100506100
10444
54662
2021
51490
883
56262
22845
23511
101929314
56904
84895
57171
1384
5524
389792
101929331
100506119
100506190
28989
140459
27348
1861
51759
10868
23048
57720
8939
23404
25
8021
286336
84814
84726
107987135
10585
83549
2889
9442
84628
23064
7270
64794
9329
11092
7248
106635683
9328
5900
26301
6838
6837
6130
26815
26813
6834
6835
6836
57109
11094
11182
7410
266655
8019
11091
6256
2220
2219
105376314
105376313
10439
9858
51116
101928525
157922
107987141
10422
138151
105376322
90120
169714
26086
728489
64170
6621
10807
23203
56623
9919
4851
101928483
401561
10555
138311
84973
85014
84960
100131193
55684
29085
158056
8721
7186
54461
286257
20
401563
2529
56654
89958
91373
100289341
11253
101930307
29952
29882
8636
286262
94107
27158
10383
401565
25920
54863
54932
10811
26012
375775
64975
92715
116225
92714
85026
79813
643224
100132403
112267861
105376333
10771
23185
23560
91734
55853
3422
22884
5214
10531
100507034
1316
10276
79754
54906
2665
54522
84893
105376384
3601
107984200
84991
5209
399715
399716
57713
22944
509
105376392
83860
10659
9712
79746
254427
26019
55526
55176
11164
8872
57118
10133
5264
22929
222389
8559
55691
83641
51182
79723
64421
10557
9397
80013
9317
6251
1787
100507347
7431
8027
783
221078
221079
84898
8028
64215
105376447
100130992
100532731
23412
648
100499489
5305
22921
220213
57584
54518
645528
23590
10006
22852
10730
84930
91452
22931
105376463
143098
220906
51322
102724316
6840
55149
1326
220929
220930
6935
94134
107984219
3799
80314
79741
3688
106633814
8829
8453
1390
219771
57209
219749
7581
7587
158160
399744
100129482
7582
9790
55454
221002
3185
642819
220992
7580
414197
414208
83937
105378281
11067
220979
7570
240
102724323
220972
93550
653234
253725
119016
114004351
728407
100287932
8031
653268
107984026
83849
414241
113939912
642517
107987147
439965
102724488
414224
5599
58504
57705
105378298
170371
2074
267004
8505
100652748
113218477
414189
387680
259230
104355295
23283
253430
55847
7321
7019
8030
9886
84159
84890
1959
29982
221037
221035
23411
26091
64081
3189
55680
1763
8034
55749
79009
9188
26128
5552
9559
6832
3098
55506
84883
219743
56681
5464
55222
1979
8879
5092
55315
64072
414152
64115
5660
9806
51008
119504
54541
54788
10367
90550
5033
25961
11319
317662
23234
414245
51021
118491
310
118490
5532
101929145
159195
113939925
729092
729096
9632
170384
118487
23053
100507331
8509
818
5328
7414
26985
132
23522
142891
7417
118881
84858
83938
9231
11128
6229
57178
107984247
10105
219654
143244
650623
101060691
729262
642361
283008
6441
80195
311
84293
81619
27069
54462
23063
2746
54537
728118
728190
439994
728130
112268063
9562
9060
84896
5728
107987150
105378415
55328
643418
340654
118932
57559
100132116
59
355
3988
3433
3437
3434
107984251
24138
9585
643529
3363
10556
84333
80351
143282
9044
22849
54708
3416
3087
54536
26509
338557
118924
266971
64318
23232
9124
5832
26123
953
728558
387707
54619
9849
29760
56889
105378443
118788
728658
84458
6585
100533184
84986
10023
23401
23223
5223
51013
84287
64210
80019
55361
60370
83742
118813
27291
84795
3257
2805
101927300
81894
57089
1355
51076
1244
23268
10613
1147
55280
282991
6319
25956
4714
55662
55719
57715
84545
56652
84445
81855
8945
27343
25911
6468
10360
10724
30819
79591
79803
8861
23082
9221
83401
8729
4791
79176
79004
100505761
79847
10121
51684
81603
105378460
403
118980
54838
100528007
119032
57412
54805
22978
84108
6877
84833
22984
51063
9148
9644
79991
9748
119392
9446
119391
85450
159686
100505869
101927573
7511
120
4601
10285
1847
9126
282997
27250
100616113
92482
8036
57678
51703
64429
143187
112268058
103344931
6934
840
9937
374354
55088
3983
57700
142940
387712
57698
6571
118987
22841
63877
143384
8661
404636
119559
10935
2869
6001
7073
105378512
9531
22876
79892
11196
55717
105378519
11101
54780
59338
5654
196792
80007
118672
64376
36
9184
107984128
51363
4942
64077
105378539
9679
399818
23172
54764
1488
26098
7390
56647
55760
5791
105378553
4255
387723
10539
55844
664
282974
80313
170394
3632
84504
112268067
85442
8433
27287
101
10844
118472
282969
1892
196743
92170
503542
100133161
112268070
388572
51272
60626
23410
5719
171389
80162
10581
8519
10410
105376505
59307
338440
81490
6050
3265
256329
8045
57661
3665
10522
283232
6888
347862
171391
79751
55367
6181
619565
57104
283229
977
5441
7106
66005
161
54472
81532
402778
1509
7136
4046
102465993
101927624
7140
6150
430
29125
10077
975
10078
3784
10984
1028
5003
5002
4676
833
100852407
114879
7748
7221
57053
4928
27315
391
6786
6240
6737
55128
3043
3045
85363
445372
53840
10346
160298
84067
112464
6609
322
10612
23647
26515
144132
23378
3611
6881
1200
8642
63875
387751
100506258
8495
51700
8665
9866
6157
677826
56672
56674
493900
23258
440026
10527
644656
7702
23075
283104
81846
105369149
133
272
100463486
50862
10335
9646
1982
58486
729013
283106
55031
9645
84953
406
84280
84188
1315
5682
5140
120227
10944
6207
26822
85388
5286
4925
107984316
26297
113174
11234
2965
3939
7251
55293
100506540
144108
144110
54503
10553
10196
203859
2188
258010
55366
55327
196074
120534
120526
196294
26610
5954
10480
493860
79056
79832
55346
283267
1479
10114
966
26273
4005
101929918
4076
55226
25841
102723539
847
51074
8050
960
54765
143458
29099
79899
7189
119710
8539
55761
51144
107984328
221120
84680
2132
3732
90139
9537
56981
55343
1408
9409
51317
8525
4192
55626
283254
9776
392
79797
9793
79096
84364
1643
53
10062
8567
4607
6688
91252
5702
10658
114971
55709
4722
23788
23360
23279
5795
85456
6749
5553
29015
8501
26519
219537
9246
710
10978
25921
219541
100528016
51075
280636
1500
105369313
9404
80829
386607
101927204
63901
23220
219972
5007
219988
6809
54948
6947
105369319
64231
643680
51338
58475
84689
931
79080
11251
27339
79073
54972
51296
55048
643834
643847
1642
26007
220002
51524
51259
79869
54949
220004
747
746
693196
2237
3992
9415
3995
7439
107984334
2495
399900
3619
80150
79026
1937
64852
9219
256364
6094
26229
23193
80789
79081
102288414
751071
790955
51035
100534595
26580
221092
283237
79842
5436
10629
374395
79064
10482
6811
105369332
54663
23642
9304
9298
6520
85329
5920
11145
25923
10313
65998
144097
2011
79829
1351
55611
28992
10963
83706
83707
84304
3338
7423
2286
114841035
26472
5331
572
56834
2101
51504
25824
102723878
283234
8986
107984366
100996455
10235
5837
7536
5871
4221
10938
113218486
23130
5526
116071
100528018
402
29907
29901
10004
7542
738
7108
741
2197
740
84447
728975
823
23649
105369344
10435
5977
220359
283130
83786
107984338
283131
378938
109136579
109136578
57410
4054
254100
10534
23625
254102
10089
4296
399909
6494
5970
105369347
10524
84153
91056
254122
1072
80198
30008
9158
11007
8061
83638
10589
9092
84285
8815
117144
10992
55690
64837
81876
107984340
10897
9610
25855
11041
3177
65003
246330
101928069
10072
582
254359
8722
9973
100526737
10432
5936
83759
79703
9986
5091
78999
22992
156
338692
54961
57804
23529
5883
5499
374403
6199
57175
5790
57010
80194
9049
9600
10263
2950
4723
81622
221
4728
10312
102465451
1119
51111
53838
55291
9633
1374
219927
3508
219931
107984344
220064
8772
8500
107984347
1717
55191
55199
55298
10068
4926
100128494
220074
55004
25906
2352
2350
3636
81570
116985
100506020
10809
105369380
107984421
89849
9873
5029
105369382
5031
9828
84957
23201
5870
51642
51287
80227
374407
7351
7352
26005
51400
283209
10008
387787
100287896
10714
254225
143570
9789
10825
408
6188
81544
871
84649
7405
5612
100506127
56946
55331
4647
5058
1207
51773
28971
92105
100532726
4718
79053
100289388
283219
57558
9846
79731
5547
220042
100506233
51585
100506282
106736475
338699
60492
55863
84233
58487
8301
8726
51501
10873
65084
1075
26973
120103
56935
85459
79101
684959
692063
654320
677822
28970
9440
24145
4361
54851
2526
105369438
143689
105369436
154810
51503
10929
23052
143686
143684
9702
8898
84441
79780
8690
330
329
114908
84259
837
838
834
114769
440067
440068
84437
143879
60496
105369477
143884
91801
54734
8065
38
4863
472
160140
143888
1662
85463
5962
2230
5450
23235
5519
79796
91893
64776
1737
120379
55216
26521
6392
3606
5805
107984387
54970
9183
57646
7704
54494
10179
25996
84811
8882
23387
5049
51092
100652768
6876
9159
257160
23621
22897
100533181
53826
84000
3587
100526771
120425
196264
10205
9354
10632
4297
56912
372
105369519
1656
643
283149
338657
6230
51399
2542
10525
55823
3145
3014
1798
9854
25988
79671
79849
283152
867
4162
79102
5818
220323
23365
219899
6309
6653
84959
56253
3312
101929289
57476
7753
4013
84897
54414
53340
4900
23584
79684
64221
219855
219854
9538
3703
219844
83480
84881
79607
6734
55572
114609
105369557
28960
399972
6484
2113
2313
100507392
219833
9743
120224
4798
56980
334
6768
29068
103611081
399979
23310
112936
29087
27034
107987373
100288778
6539
5927
84318
283358
4815
100049716
65125
5893
23085
81029
144699
79602
93589
112268103
196513
2288
55846
83714
2305
83695
7289
84766
57097
894
57103
57102
8798
4704
7450
928
7132
4055
678655
939
55080
6843
51258
9918
112268089
2597
25900
4839
1108
84519
51147
171017
50813
8079
5763
920
27239
8078
7167
84727
283345
171220
10233
1822
113246
5777
11331
677777
10436
10162
715
51279
283314
83758
9746
5830
9332
144195
6515
55810
719
25977
50856
642559
653113
101927905
112268090
389634
93978
338339
26253
105369645
57494
1911
4074
100499405
642846
440081
374443
29121
9976
160364
51266
387837
102724020
283420
51267
64581
23710
255308
55110
8531
100533464
5554
106707243
259295
100129361
2120
54682
118426
107984485
80824
1389
2842
1027
105369663
51202
387841
50865
93164
57613
2012
55729
79887
101928317
101928290
144608
2984
55766
51729
121506
397
5800
2059
102724146
11171
51071
4257
121536
79912
5965
51026
3945
55907
9847
55500
586
4033
55259
144363
3845
3709
55726
26127
51768
9412
23012
56938
60488
57542
55297
55711
100506606
51290
83857
10526
65981
1663
58516
254013
196394
440093
105369723
105369725
55196
636
121512
10059
51067
84920
144245
144402
114134
101930164
120892
283464
10138
85437
51535
144165
83448
51135
5756
51054
196527
400027
196528
9169
81539
54407
91523
100233209
79657
105369748
10411
55652
51564
7421
79022
29843
5213
140461
102725258
121274
54934
904
784
9416
51303
377
105369758
5571
8085
55716
10376
7846
84790
65244
23416
10445
25766
91010
7009
57701
100286844
144233
29127
6602
84987
91012
51474
113251
57609
466
25840
4891
25875
81566
7024
5463
9802
57228
51411
105369767
11226
9498
401720
94
91
160622
3164
60673
1975
84926
51380
283337
3695
5916
84975
5204
112268097
60314
8086
6667
54458
5094
102157401
7786
6895
114108587
8620
11016
100652999
517
57658
23583
23468
3178
4778
22818
102724050
53831
25946
3678
121355
3071
5153
9840
3679
100528022
2647
5959
967
105369779
10220
84324
29095
85406
440104
4327
84305
1606
1017
5869
6821
64375
6231
5036
6171
84872
23344
140465
4637
6601
10193
79035
283373
93058
1431
10330
112268098
9924
51561
6773
8914
283377
5939
11176
506
10728
4666
5557
9880
4640
23306
4665
6778
4035
6472
246329
22864
2735
64333
4141
1649
114785
10540
79837
10956
116986
100130776
6302
1019
92979
4234
25895
10102
10677
10106
100506844
91419
9194
338811
9958
102465133
23041
57460
10329
144577
11260
29110
107984521
283349
2799
23329
23592
253827
84298
51643
11213
102465249
92797
55832
8445
56890
5908
57122
55508
4193
1368
11052
4069
8089
10818
10576
117177
101928062
4848
27345
196441
83591
55266
23011
64786
552889
11010
11103
4673
79738
114882
23390
4659
8825
105369869
29080
84190
160335
91298
80184
160418
1848
282809
100528030
8693
490
338758
256021
694
101928617
8411
11163
7334
28977
8738
10154
51134
57458
55967
7181
55785
55591
10988
6636
3034
102723340
4048
2004
5128
121441
121456
100128191
7112
5250
121457
317
56899
23074
64431
55681
283431
27340
400
56994
50511
79158
55332
51019
79023
51559
7184
100500842
728568
6996
29915
4801
7296
50515
112268100
121053
23325
55198
10970
255394
55703
55188
80298
1407
121551
11137
11108
101929162
1240
11153
9733
23479
6404
105369968
23603
54434
84749
100131733
121642
7374
32
83892
89910
326625
4598
59341
51228
84260
9815
88455
400073
488
51434
10094
51184
29902
51699
144715
160760
79600
84329
5501
144717
10019
6311
8315
80724
217
51275
8550
89894
10961
80018
10906
283450
6128
5781
22895
4938
4940
4939
387885
79039
84934
115811
53373
80024
196463
113675
9904
23389
100287569
643246
79794
26259
54997
23014
5985
55884
54621
5037
51347
64426
5564
11021
10985
6175
100506649
5829
1337
51499
283459
8683
8655
84274
9921
51367
9761
84747
100616329
35
121665
64897
8638
5027
5025
10645
51433
80196
84678
84876
283385
144404
54509
338799
23067
5715
605
22877
79369
56616
65082
6249
55596
65117
9735
338442
8843
8562
9026
79720
79676
51329
57605
10198
91574
8099
55206
387893
196383
11066
353116
10959
57696
105370041
1967
2967
23545
80212
144348
9612
949
7316
57647
140707
102659353
65985
121260
100128276
144423
2054
5901
283383
6433
105370088
4326
8408
80324
57634
347918
317781
79050
100996246
100129528
57666
5426
5827
192111
23141
2802
55743
100289635
7574
7637
7699
7556
10795
54737
55269
9205
7750
51084
8100
221143
64328
26524
10284
78988
650794
100652865
253832
221154
26278
4285
221178
143
55835
5042
9107
9818
6049
1024
219333
6144
26771
619499
387496
2971
219402
222484
51082
2322
255967
100288730
51371
283537
6541
5412
84056
3146
10208
241
10808
145173
122042
105370152
10129
90634
10443
116828
23047
9365
5983
23111
5994
29880
11340
55578
105370165
51569
80209
387921
57511
2308
10240
10166
1997
11193
89890
84078
9617
79612
28984
105370174
23078
160851
11215
94240
29103
144811
8848
26747
55425
2963
7178
677814
100190939
253512
83548
23091
3936
80183
23143
2098
8803
55270
29079
100873965
9445
5925
10161
1102
57105
22862
81602
81617
107303344
83852
51131
55213
115761
105370205
84650
3839
57213
8847
10206
220107
107984567
79621
647174
26512
100507398
115825
79758
283521
540
440138
9724
4752
100887750
51028
26586
144983
10910
81550
1602
440145
79866
22894
10464
688
11278
9882
170622
7347
101927155
4008
115207
1203
26224
23077
100874212
100874222
79596
64062
407975
23483
160897
10257
100289274
5611
55757
10150
5911
3843
10160
8428
337867
2841
1880
102725509
9375
171425
5095
87769
84899
7174
196541
93081
54841
100533467
2073
55082
3981
84945
10673
8660
55647
55739
79587
3621
55608
8874
10426
102725228
23250
55795
8451
3916
79774
55208
55002
7027
348013
650669
2621
22821
8881
105370384
65110
283489
91875
57820
10038
7011
55644
328
90809
4860
283
6038
6039
6037
643332
6036
64745
101929718
57447
55701
51222
283624
3183
57096
11198
107984643
57680
84932
9878
56339
1603
63874
5018
9056
122704
4323
26020
161253
55147
100505758
10419
54930
100616424
107984660
60686
5693
22985
55017
1053
57594
90673
599
100529063
8106
25983
79178
8906
102724814
84502
55449
10901
317749
728635
90668
4901
5106
80344
161247
5720
51016
5721
102465801
55072
10379
9985
79711
10548
283629
29082
100528064
145553
4738
51292
26277
7051
5875
102725044
115817
161424
27141
56413
1241
196883
11035
23351
643866
56948
1511
55632
23256
29966
11154
25831
25938
112487
80224
394
171546
55837
105370447
112268123
58533
1073
11177
112268124
6729
283635
101927178
55012
9692
5687
4792
253959
84312
51562
10484
8487
122553
5411
4253
254170
122525
54813
23116
55015
2287
57697
55320
6235
107987206
6029
122769
6166
4247
55172
122773
23588
9147
105378179
378706
382
283551
79609
6655
27109
8814
11183
60485
51199
105370491
145447
5836
81542
54331
51637
5732
57544
30001
5706
6815
64841
80821
10175
2764
10668
23034
2643
122809
93487
3958
55030
22863
3895
57161
54916
10640
55745
122830
55860
5684
379025
5926
26520
9786
23002
64582
112849
51528
6252
64430
51635
5494
4331
57570
145389
5583
3091
100750247
6617
5529
112840
81537
23224
4522
7597
22890
26030
6710
100529261
91612
376267
2342
4149
100506321
2530
10243
64398
51382
1965
161145
57475
5283
384
10490
51109
23503
5890
677
87
8816
55218
2079
55334
9766
100289511
6430
100529257
51241
55333
10001
23508
22990
26037
26094
53349
105370560
58517
5663
89932
8650
101928143
79697
641371
10965
83544
9240
91748
145482
57862
145483
51004
957
80127
4329
91750
5826
10577
100616211
122961
4053
105370567
9870
51077
56252
283571
1743
8892
27030
97
91754
10972
2353
101928377
122953
10538
102724153
55640
11161
23093
7043
112752
55668
22846
100506603
23357
64207
107984638
105370579
283575
102724190
85457
57156
29954
2954
283578
122945
63894
10598
9517
8846
81892
22938
283579
57143
2957
85439
6400
101928767
2581
8477
107984669
55812
79882
161436
123016
1112
400236
90141
55775
56659
5700
55051
801
145567
9252
80017
8111
440193
105370624
55671
9321
4287
4707
53981
123041
105370707
79890
5641
9950
3705
64112
26175
84520
55148
55727
51676
57062
122509
83982
5265
23405
400242
79789
161176
283596
51218
8115
55102
51527
10914
7443
107984696
84193
8812
317762
51466
123099
7528
123096
7453
79446
57596
105370668
101929422
5527
107984658
107984659
1778
107984661
3320
91833
5891
55778
51550
9895
122416
23186
7187
81693
9578
105370683
7127
105370687
1983
4140
1152
115708
9529
84334
3831
7517
79038
23368
9556
122402
64423
122622
107987209
10572
102723342
207
100128927
122618
122616
55038
29933
3714
256281
2972
90135
23241
647310
9112
1396
283643
3495
3507
9834
727764
283755
646214
400322
123606
81614
23191
114791
102723564
4692
104472715
6638
8926
7337
57194
8924
440248
653720
440253
646278
56160
653073
653075
89832
101059918
100288203
727909
102725021
728498
100288637
22909
54893
102725022
283710
51621
1139
653125
728047
107987222
100288615
100996255
643699
9824
342184
57099
56851
161779
79768
51234
9990
55505
254531
23015
440270
9716
54989
89978
723972
161742
283742
7057
440275
6727
100131089
90427
5330
100505573
388115
90417
3712
22893
113189
90416
27079
55177
2644
55192
643338
84936
6692
57617
112268144
54617
11261
729082
51203
51103
23168
26015
23269
23005
8681
100137047
100137049
51332
105370792
30844
23339
25963
2595
825
64397
8773
255252
55142
57519
146059
146057
197131
80021
23582
9836
161823
146050
27229
7158
9677
110006325
2923
80237
10169
100529067
100302254
619189
25764
4236
113201
51496
645212
8669
80208
197135
567
113218500
100419583
653381
6652
2628
79029
84419
26258
58472
107984757
1854
22995
23741
9728
9318
2585
196951
56986
79895
2553
55056
100129387
9101
373509
54822
84888
23431
23312
256586
29767
29766
112268148
123169
5597
10681
4644
10776
56204
51187
5873
101928527
9488
100533483
9236
4734
64864
54816
145783
6938
283663
145781
81488
366
102
54629
79811
54778
4643
2958
663
302
79664
54832
7168
114294
51065
51762
83464
9960
100130855
8925
23604
84191
6642
79856
5479
53944
9325
23060
4947
80301
348094
107984754
51324
123263
390595
10081
10845
112268147
54956
54878
51495
81556
9187
10260
8766
84465
115752
54962
5604
10302
6124
55055
4088
79719
100506686
145853
5607
8554
91860
54982
10116
8125
80035
26035
9493
6176
7090
55075
4649
5315
56965
60677
3073
80072
25820
585
83440
100287559
27020
101241892
9399
5371
8482
84993
440288
10620
102723750
1198
80153
1445
25989
10066
4351
57184
9377
54913
60490
56905
54939
79661
4123
25942
5780
105370902
10073
55272
257364
92912
26263
145957
2108
64843
49855
5955
9051
10099
79834
10363
23102
3419
23205
55466
105370910
80349
3658
5685
112268143
10933
1512
23423
100528021
10588
400410
283687
597
54469
2184
58489
57214
23184
59274
3603
80765
84206
79631
6218
64506
100505616
123722
123720
9455
83640
123207
53339
53346
50810
374650
54993
54581
84942
23478
9640
5151
11214
26589
64963
55070
64782
3669
145864
11057
112268155
55215
5428
8800
290
100526783
10239
348110
374655
109729181
3418
105370966
10509
10519
390637
51335
8826
64784
641
105370969
5045
2242
4122
374659
55898
91433
9055
26276
105370974
28232
107984747
400451
100507217
1106
101927153
55784
440311
91947
3480
123355
105371019
4205
145748
441733
55180
140460
79705
105371026
22856
55829
6627
80213
123283
374666
102465910
103504738
51728
79622
4350
8131
3040
3039
55692
83986
8312
10573
58986
105371036
4833
26063
9727
6650
9091
57799
117166
84326
84331
197335
89941
10273
339123
84219
146330
79006
65990
124093
84264
64428
113000
63922
64788
7329
8938
115939
84572
64718
283951
645811
1186
9894
9742
57585
90861
23162
4832
65993
197342
90864
10101
3029
81889
51734
4716
6187
574042
26784
735301
677844
10607
2671
90850
9351
4913
7249
5310
105371049
100507303
84231
57524
64223
283870
283871
1877
1775
1632
107984839
10921
21
899
57465
527
51005
752014
5170
652276
645644
100507321
54442
23524
6923
10942
124220
114984
84256
124222
9088
105371056
9080
51330
54985
79228
146439
100128770
64386
100507419
9235
105371058
7755
100507458
7760
7752
4210
283876
10127
91151
7627
54925
7727
146434
79903
102465134
23059
84464
1773
10131
1387
115
7023
100529144
51025
79585
114990
9093
57407
3163
29965
124402
23295
84309
124401
26048
79641
84656
29855
5493
51172
56052
196483
79091
18
25880
5373
100130283
23589
7874
29035
80063
4682
780776
4261
28955
23274
400499
9516
8303
51061
29066
26156
105371084
2935
729978
92017
105371088
55313
2072
57496
5073
51283
642778
642799
23420
109951030
100288162
9284
23042
123803
54700
100505915
105369154
100288332
89927
9665
54820
4629
123811
4363
368
105371100
408050
105371099
339044
101059938
64131
110006323
101059953
110006322
102723728
283820
6210
23204
23049
10229
162073
51760
51573
9738
57020
400506
55623
6296
112479
123879
57149
57146
23117
100190986
100271836
51108
10261
730092
112268174
440345
7385
255762
730094
105371129
29904
55718
1039
100131998
641298
100132247
105371131
57478
91949
23062
124454
56061
4706
79728
84516
5347
5579
5930
27327
107984826
55114
51451
342357
79831
197370
3566
50615
283888
2975
23247
23214
728741
728689
1201
55911
246778
112869
6799
6817
728734
8663
100507607
11273
7284
100616256
25970
487
79874
930
84901
83985
27040
653390
107984832
101928188
105371159
440352
728888
100422558
107282092
606724
552900
79008
100526831
445329
388242
101928556
440353
440354
6693
23475
283897
3835
107984837
4150
112268170
79447
9961
10423
253980
124446
9344
8479
283899
8448
112694756
226
5531
6911
83719
101928595
79153
5595
107984834
11151
654483
548593
100526830
6818
613038
613037
595101
10421
101928707
26000
1731
197407
79077
22928
3683
79724
65988
107984875
92595
146542
146540
115509
78994
64319
10847
100862671
5261
90835
9810
23361
9274
101928736
100313837
54620
93129
9739
80270
6810
101928762
79759
9726
339105
79001
10295
84148
146547
2521
29108
100652740
3684
3687
3681
79798
6524
64755
124411
10308
606551
79801
55737
388272
84706
10294
81831
101927102
81533
5257
83752
6477
112268166
9683
105371240
255919
55027
64282
113
29117
124460
101927272
64127
102724907
1540
80205
643802
5934
64400
79068
54947
1066
267
11051
55239
583
4502
4494
4501
9688
9709
1071
84166
221184
80011
89970
23568
57019
57017
5432
55715
222487
10300
3801
57567
79650
29105
101927556
1459
64785
79918
23019
55238
2806
146227
7084
51192
100529251
113540
146225
146223
123920
1783
8883
51647
8824
283848
865
80262
84752
8717
55336
3299
8996
653319
283849
1874
79767
26231
29100
29109
25894
51673
29800
9114
101927837
79567
10664
146206
65057
50855
84080
388284
81577
57610
80152
57215
10204
23644
123904
5681
1506
5699
3931
6560
64180
64174
55794
54920
4775
80004
23659
9057
84138
54496
55512
146198
79613
3038
113455421
54921
84916
6645
27183
64146
84342
51388
7014
80777
10725
1728
28987
11060
348174
283970
55066
283971
100506060
107984138
118460
16
11269
100506083
55308
6483
197258
25839
23450
92154
55697
100130894
55783
7571
7567
23035
164
342371
55565
9798
1723
54957
3240
3250
9785
463
5713
283922
440348
497190
2734
55159
197259
79726
84937
197257
162239
10428
124491
11345
23536
3735
54386
22879
100130958
283927
51741
4094
124359
56942
55839
23300
80790
5336
10200
1012
3281
23417
29948
54550
8720
83693
123872
9013
9914
57707
23406
79786
9100
83716
55625
9764
105371380
23199
404550
10328
1327
3394
64779
79791
81631
23174
54758
8140
54971
84627
112268182
161882
124245
1535
4597
197187
333929
115992
348180
9780
100289580
353
2588
107987238
107983950
51693
390748
863
101927793
107984871
100129697
197322
197320
29123
105371414
101930112
6687
6137
606500
5119
124045
8558
124044
9605
100128881
92822
2175
22980
54849
92806
172
2622
105376786
100996541
105376781
101927999
105371423
105377826
101929823
9501
400566
359845
55275
50628
51031
55178
29928
29
112268190
105371481
105371480
7531
1398
4641
105371483
51763
100306951
5306
124935
8578
83547
10594
84981
407004
124997
5345
5176
114826
6117
1801
124641
3090
23293
63826
55720
9905
101927864
4335
79066
5048
23277
23108
101927911
7442
23729
1497
105371492
100533970
30851
83460
5026
3682
55421
84254
5023
489
23140
124936
51479
7326
201305
124976
10514
27043
409
400569
58191
84225
5694
5338
50488
1145
2811
8402
26001
5216
2027
9552
23125
101927979
388324
10749
102724009
124961
7775
84622
100130950
388325
9135
4927
84268
708
56919
51009
79003
728392
22861
9851
84817
51003
388327
54739
100506713
239
100529209
440400
124944
100506755
201232
10462
433
105371512
432
1742
37
442898
1856
79142
11337
23399
23587
1366
1984
2874
84461
9744
147040
8711
100529211
57048
254863
284114
2256
1140
57659
5430
407977
8742
8741
26168
100533955
1973
652965
652966
26781
968
100996842
9526
6665
9513
112483
7157
55135
23135
107987244
92162
84316
124637
1107
284023
9196
58485
116840
3000
247
5187
6844
84314
54785
9212
284029
100189123
100189383
80169
5198
399512
29098
100128288
124751
6154
81565
4628
107987245
105371529
146850
107985063
23533
101928235
9482
8522
4621
6341
56985
388335
7566
6416
60528
100874058
1352
9953
100533496
201158
10626
57335
136
125150
54902
9611
9487
7314
51393
125144
692087
388341
57547
9720
162632
23164
201164
201163
8533
55090
10400
10743
6720
146691
83450
91647
79018
1819
105371566
54890
3996
2314
125170
7156
140775
6470
654346
220594
284047
2310
147166
51030
5636
125206
10750
400581
780851
22905
27077
5598
7732
55244
224
9706
11216
92521
347716
284194
23326
25979
8834
256302
5606
339263
26118
8844
3965
201229
51701
27346
90410
7126
26073
147007
23098
113235
9094
94005
230
10615
100506436
124923
9703
6388
6830
147011
83871
6147
116238
284086
9618
55731
26284
2319
147015
57649
399687
9220
57532
57551
116236
90313
28964
85464
84081
642
1362
9527
107133515
440423
51379
79915
79736
55803
84282
503645
107984974
4763
4974
2124
2123
84440
55352
55813
23512
114659
6458
105371730
55288
64149
693217
7756
5717
8851
6347
10693
91603
3980
117584
100529207
5892
54475
162394
91607
55106
146857
105371743
5193
163
8148
102724850
6348
6351
414059
414062
9560
102724862
101060321
729877
84218
9326
80179
284098
79893
79154
79922
26574
31
6871
11276
11056
101060351
101060376
101060389
414060
101929950
102723859
729873
440434
84311
30837
105371763
4302
284106
7703
5691
8396
54883
9349
3927
100505576
782
6143
84961
5469
51755
10948
8557
93210
2064
84299
22806
55876
94103
5709
9862
7067
9572
339287
22794
51195
147179
5914
105371934
101929693
125111
6605
3858
147184
25984
107985072
10209
3728
115024
55175
47
1267
7266
28511
201181
110806298
79132
2648
5878
84514
6777
6776
6774
535
100847046
4669
108783654
3292
80347
6945
29893
162427
7283
27175
8506
2145
84313
28958
124817
8678
10197
314
8639
388387
100885850
80755
146923
6155
3430
10493
672
10230
101929767
4077
113277
100874261
100130581
1659
1845
162417
84336
124801
92579
10014
92591
339201
79089
56970
101926967
7343
51629
2896
23131
2535
124808
80174
9343
79877
4836
113026
79777
10614
124790
105371795
339192
752
107985040
100133991
9020
201176
9842
55073
147081
284058
644246
100506084
9884
728806
51326
474170
4905
9570
101927060
996
124989
653479
9520
112268184
3837
9755
114881
124995
90506
90507
102724532
6668
55163
80279
51226
4779
10951
29916
3212
3213
10241
105371814
516
65264
11267
2793
51225
162466
105371816
22834
5245
8405
10237
81558
11143
729220
1748
5164
201191
84687
64132
51264
146956
55379
80221
55316
64847
8714
91369
51747
10140
9043
654364
4830
4831
54799
51096
1353
23531
58488
339210
8526
7706
100500827
8161
59342
8165
124540
51649
404093
7716
101929185
6426
140735
54903
4353
9256
100506779
406934
6827
54894
9110
5414
5889
4591
348235
55771
55181
284161
388403
79665
1213
51651
81671
406991
51174
6198
51136
653645
63897
653653
762
84669
10513
8493
54828
57508
9969
339175
11011
26115
1534
10238
51204
4215
107984984
101927898
80774
729683
92335
57003
11325
117246
5705
6603
974
92340
3384
2081
105376843
692227
55852
5175
284021
11232
1655
100616387
100616408
90799
64750
109286553
101929240
146880
102464831
440456
374819
201283
10672
5578
9931
5718
26207
101928045
25926
2186
284018
3838
100499466
51321
22901
9120
5573
55062
54757
23460
23461
5608
400617
3759
105371887
201266
9382
84923
55028
642843
23580
6169
85001
94015
55890
11314
124599
107985074
10871
100130520
101928343
342510
105371894
326624
146722
105371893
9368
26151
54868
2232
3396
23510
10476
9121
79637
30833
107985034
51155
6613
79902
23163
51081
57409
100287042
60386
2885
9772
283989
107985023
3993
80022
9400
643008
29115
2584
3021
85451
201294
23558
201292
64978
85302
51
100529145
100134934
1018
6730
353174
23265
283991
84074
5635
8877
63893
15
79651
100507246
10610
439921
23210
124512
6427
693221
79157
654434
6397
10801
105371903
57690
100131096
11322
147138
9144
125061
9021
9489
8632
112268196
9267
57602
7077
3959
124583
64772
57332
8535
125058
2548
9775
79092
6448
284129
57674
100294362
284131
57521
79643
440465
10458
107987250
9625
22994
146705
105371925
284184
124565
284185
57597
112268189
71
25794
80233
55666
5148
339229
339230
339231
9146
6182
1468
348262
5034
396
10189
51529
5833
51547
4097
79058
201254
201255
51181
5986
2873
64118
2194
284001
9123
1453
924
6398
79701
284004
79415
105371941
26502
3607
105371942
56270
10966
79672
6904
146712
284207
107987251
727758
9097
9984
55556
64863
23347
84034
9663
8736
10627
104968399
103910
7050
649446
147525
339290
7541
23136
91133
201475
4729
101927275
23253
57045
10928
9989
11031
9218
147495
8774
2774
57132
65258
3613
84617
10939
107985154
56907
56984
79959
5771
81929
55125
753
125228
8731
162655
6093
114799
6632
171586
57534
5932
85019
8780
29919
4864
125488
112268213
114876
55364
6760
6875
1824
9331
22878
54941
51444
1837
10982
84307
100101467
10778
107985139
7572
252884
125476
2589
105372064
83608
55197
25800
55250
25941
57536
5289
26040
57724
284266
9050
498
115106
147339
125336
9063
83473
84064
51124
4087
9811
4092
54808
497661
100526842
6139
100124516
26790
10449
4152
30827
4200
55520
105372117
4089
51320
8932
11201
162681
6925
9352
23335
2235
4677
100505549
5205
105372141
23327
10892
55205
90701
3998
5366
23556
57614
54877
23239
596
2531
9525
5055
5273
5271
54495
25914
9306
29090
1528
55748
55628
400657
284273
10194
9658
100131655
7776
4155
107987261
374868
4772
101927897
9150
26251
80148
440498
10907
79863
22850
375690
399844
101928344
54531
91978
997
105372233
682
5442
55658
10272
5725
79948
566
1991
1675
10025
91300
1820
57418
116444
91304
1265
10347
23526
5434
2879
22904
6794
255057
513
90007
148046
1153
55009
84939
374291
26528
6209
10297
148223
92840
399664
53615
10975
6929
148229
57455
100302210
100288123
83855
81926
113178
113179
1455
55643
2872
126308
113177
8943
84444
55111
102466736
8175
4946
374872
645191
101928572
51690
56928
360200
26517
84823
4616
2788
29985
6449
7064
115196
148254
126295
58492
166
2767
2769
100996351
8698
56926
4782
83475
51343
126321
100128569
10362
404665
58509
23396
9546
116541
1613
1938
51588
51341
5605
51548
55702
84954
6455
10036
80700
84717
729359
440503
116844
10501
126282
56005
91039
100131094
55527
148022
10226
645432
29128
23030
9667
6294
125988
374875
25873
9361
163154
56931
126328
400673
828
8498
5990
4298
8192
84266
2962
8570
100500888
79958
8740
718
56927
9322
7409
2015
105372256
326342
79230
3643
23370
105372261
140467
57192
10908
56949
100131801
126006
6813
56729
199675
126003
2208
339390
30835
115704
5609
6618
10469
1994
79603
51293
4701
6234
100507567
9230
51257
4670
84106
84330
4542
81794
148156
57693
374879
84527
10781
79088
7675
93134
284385
54811
162993
54850
59286
5300
55337
83854
56342
692312
5032
8666
1786
9294
51073
3383
3386
7087
100125288
112812
125950
3385
7297
11140
100302213
5141
9817
84971
65095
1032
57153
147727
3609
81890
1785
11018
255809
10498
78992
90580
6597
3949
25959
26526
105372274
9545
374882
126075
64748
126074
2057
115948
5589
115950
51295
84337
54
199692
664709
55552
126068
126069
126070
90594
7620
90592
284390
101928464
284391
388507
100529855
7568
7695
51710
90576
10224
163050
57474
163049
105372279
4125
84292
51398
1725
84261
30000
79002
439
29911
3726
7001
10535
1777
2639
2193
106144598
811
5886
90480
4784
4066
105372282
55621
112939
8677
9592
81576
84245
28974
65249
284454
54862
90379
5989
9466
113230
90378
5566
55723
100507373
22859
976
10212
5585
10755
3337
9524
4713
388512
84658
106635534
84449
30817
10994
23476
10270
26993
58525
64926
126410
4051
7171
4218
84941
26017
8907
10365
58513
84167
10523
79939
105372295
9441
79086
79041
23309
27151
93323
4650
55850
79629
2063
29086
126549
79575
64981
79016
57719
84705
684
105221694
93343
376497
100507551
25796
199786
79709
55201
23149
3640
3718
6142
115098
27106
3594
23031
5296
10437
84769
5864
80726
3727
25804
105372300
54858
126364
170463
51477
8178
23770
79036
7311
55049
55295
23373
5976
11316
54555
9454
102724360
10147
93436
284439
54929
4207
100271849
729991
8625
126382
57794
23383
54815
51079
374887
9170
51291
57130
94039
7561
112267872
440515
56242
81931
7643
90649
100129842
199777
7639
80264
148206
170959
7562
148203
284443
353088
101929007
163227
7594
100132815
7644
171392
388524
9534
148189
101927151
7386
10775
83636
8725
57616
22847
147991
9141
84079
390916
84902
91442
55094
4037
1050
80054
1054
5184
79047
26065
9710
2821
84306
10054
55900
339318
126375
57655
6324
53827
7392
933
2865
101927522
2867
26330
100506469
10430
23354
79171
1340
9757
79713
199746
55851
55957
148137
115703
84807
10870
7305
644096
84964
199745
284403
5438
1155
826
147929
7705
107985304
57677
284406
84924
339324
57711
101927599
92283
163081
388536
25850
374900
147923
199704
92285
163087
284459
84503
148266
148268
22835
23094
10653
90522
9424
57828
5714
147965
115727
6261
11184
105372397
27335
81
147968
1891
3191
126432
22933
4793
643669
54938
6183
10298
57622
9535
55095
54623
55588
7538
64857
6217
6829
92609
126272
163126
9149
2091
8857
5704
339327
163131
284323
4294
208
126526
23646
57716
29950
29946
105372489
645
92799
8425
9253
79934
80271
284325
6626
100529262
100529264
53916
112398
171523
29785
11100
105372401
90324
7040
80776
641649
56915
593
374907
55101
90273
1089
1084
6223
973
9138
10567
64763
5452
100505622
162989
116115
2931
2077
23152
5050
284338
1954
101930071
100996307
3991
634
653583
23474
284346
7515
126298
79177
126299
100170229
199731
5329
56006
3783
284349
7596
7711
101928063
7773
7673
7766
342909
7767
100379224
7768
10780
7769
7770
9310
7733
5817
56971
602
102465879
5819
10452
1209
5971
11129
162979
79760
105372419
284352
79090
388552
57787
2068
10848
10849
2067
2354
6253
147699
7408
107985315
80207
24139
6633
54814
23403
1760
1762
8189
26145
339344
729440
8993
5536
105372426
808
5739
25865
107987269
29888
79147
6510
1175
2909
54958
23211
10055
27113
26093
255783
728
27202
9704
11133
100505681
8775
29998
29997
106144593
6415
8605
3978
374920
22900
100505812
2014
55260
10945
107984140
2906
83743
9266
6141
56848
1628
770
587
23645
4924
100874085
581
2512
2997
10856
6625
64130
54795
28968
951
8463
55011
126133
2323
23521
26819
26816
6205
84546
2217
57333
51070
57479
6237
58506
3661
83596
3276
60385
160
80199
105372435
81857
102465480
100506033
53635
101928378
11284
84335
79735
259307
23636
22809
100616483
114132
400709
51231
25888
3748
256236
9476
7376
5424
6689
112703
284361
126119
6320
84798
90353
27180
27036
101928517
284367
945
147645
2109
125875
4818
105372446
89790
100129083
7728
8778
100049587
147650
2357
2358
2359
84765
65251
79898
59348
284370
80110
9668
284371
90317
162962
5518
90321
147657
400713
84436
388558
55762
7696
55769
81856
162966
7576
90333
162967
388559
100529240
399669
125893
90338
84671
390963
91664
107987264
170958
91661
110116772
147804
388561
126017
55422
91662
91663
284415
126014
4696
29844
26121
4849
79165
147798
112268246
79143
79042
6203
11025
79168
10990
10288
353514
23547
3903
104355426
114823
94059
107985347
11027
11024
10859
11006
79166
2204
55655
112724
54869
54776
7138
255043
22870
23640
84446
284417
84787
6158
102465483
27338
79763
89887
57106
163033
84922
147807
107985322
100507290
147808
107983998
51545
51157
29903
11338
29924
126208
55311
79149
147947
147948
147949
140612
388566
58491
9422
390980
10794
125919
57343
284306
10597
147694
7565
388567
400720
79744
374928
256051
162972
55659
284307
348327
7693
10520
90233
7710
79891
284309
54807
79818
2282
100293516
84914
100874260
730051
147687
147686
10172
80095
100128398
65982
79673
10782
27300
105372482
7554
108903150
105372481
105372480
342945
1
503538
162968
116412
6193
113218487
201514
7691
388569
25799
55663
84878
105372486
10155
27243
9040
100131691
7593
65996
107987272
140680
85364
6666
57761
10616
128637
1457
140809
83541
9491
100528031
27111
100507495
2280
55968
284759
105372499
128646
107985409
10326
105369219
100289473
107984104
107984088
102724545
140885
140901
7053
6628
79175
10528
692201
3420
64773
64601
5786
64949
100134015
22888
60493
65992
3704
25943
8455
6614
54976
1059
994
55317
57506
80025
11237
54498
5621
105372511
9770
107985392
9962
29058
5111
100302739
8760
149837
56261
149840
51605
84515
54675
164312
56255
23236
8195
128710
182
22903
55617
51575
79133
55614
6629
11034
6238
27131
92667
100303755
57325
7692
55184
10621
10741
10483
388789
92675
100270804
54453
51126
51340
57186
55857
22803
101929707
7056
22918
29107
64412
63908
1471
8530
57136
84532
955
5834
26090
140838
102724826
26152
100134868
100289097
284802
81502
100874042
598
103021294
81572
343702
3055
9777
107985403
5326
23509
100302183
9371
171023
140688
149951
22919
388795
51654
9139
63941
170487
11264
84905
128866
22913
8894
191
83737
83658
84557
128869
58476
23054
2686
55902
2937
57644
26133
111089941
55741
10893
101410538
3692
55245
11190
102725201
51614
8904
10137
9054
140823
9584
51230
51282
647979
25980
22839
60436
100527943
55969
84174
57446
79980
140710
140711
25939
5933
140699
6185
63905
6714
10904
56259
9675
58490
7052
671
388796
128439
57148
79913
26051
60625
9935
7150
101927117
5335
23051
84181
6431
26013
51098
51526
100505783
128486
79183
10955
11142
100
7529
80336
10953
6789
3787
5266
101929866
6590
6385
90196
767557
55861
107985405
51604
116092
11065
90203
10005
140831
90204
5476
5360
107985388
63935
63925
4318
109729184
57727
958
51006
63916
112858
23613
8202
55959
57580
10564
1434
6780
55661
57169
441951
9334
23315
9825
55905
6615
387522
7335
387521
101927559
1051
100506115
284751
101927586
5770
23394
101927631
8813
27304
4773
55734
101927770
7764
391257
5203
116151
6790
1477
57091
51507
200232
388799
8480
100291105
55544
81030
56937
55370
57403
9217
100534593
8675
79716
2778
51497
1522
81027
514
100533975
51012
10388
63939
5509
60437
284756
284757
105372698
6874
149986
5688
26039
26164
9885
11047
105372707
6227
81928
101928465
4923
107987285
55257
11054
1299
10732
105372717
11083
54994
63910
54915
55738
79144
5753
85441
26205
100505771
50861
100533107
51750
8771
10139
84619
54923
56731
140685
140701
112268269
7165
80331
54963
100113386
57473
140700
24148
6919
10287
4987
55251
102723996
107987292
101928576
102724023
102724159
102724200
102724428
102724594
102723553
102723475
109864279
109864280
109864282
109910379
109910380
109910381
109910382
112268284
106631777
106631781
106632264
100132288
6782
64092
107987295
8204
29761
1525
10950
54149
54148
522
2551
351
11096
29104
26046
10069
10600
10694
56911
193629
105369299
571
7074
6647
57466
54069
9875
84996
110091775
56683
8867
100506215
94104
116448
3455
100288432
3588
3454
3460
757
2618
6651
102465248
107985481
29980
9946
6453
539
64968
6526
54065
3753
1827
861
54093
100133286
873
100506428
9980
23515
3141
51227
7267
10311
1859
3772
105372801
2114
102724740
8624
54014
3150
7485
106865373
4600
4599
63977
25966
49854
9619
54020
101928212
10785
4731
5316
7307
150094
23076
8566
1476
8568
284837
56894
7109
5822
8209
23308
5211
755
7226
81543
7327
6612
754
3689
107987303
100505746
84536
112268278
85395
104
23275
642852
80781
6573
54039
84221
4047
114044
8888
54059
54058
5116
23181
3275
387590
112268292
23765
27439
27440
51816
27443
83733
529
23786
637
200298
57553
55670
51807
11274
728229
728233
85376
8214
9993
25786
8220
100652736
6576
8218
112268289
105372859
7290
64976
128977
105372860
7353
100526833
54584
79680
10587
1312
100616414
421
128989
54487
27037
5902
29801
388849
85359
7625
91179
84861
51586
84222
5297
9342
1399
101928891
150209
8216
80764
439931
440804
23119
645426
375133
7332
150223
23753
23759
29799
5594
9647
100286925
8940
96610
28779
91227
100423062
3538
3539
9609
613
51233
91316
266747
7621
150248
400916
6598
66035
284889
4282
107985558
100037417
1652
23523
101730217
23384
135
646023
51733
83606
6634
2678
388886
91355
1416
157
23544
57168
89781
402055
24144
8459
440823
102724827
105372976
4330
23760
284900
11200
150274
150275
7494
83999
25807
2130
10634
162
4744
8563
8508
4771
164633
55954
29796
84164
8897
101929664
5008
652968
83874
10291
550631
85371
200312
51537
23481
6948
339665
150290
107985544
150291
22880
55000
6525
140606
91445
3985
113791
23598
54944
4733
56478
9814
23761
102465666
253143
9681
7533
51493
25793
10042
10043
3162
4174
80830
23543
102723507
80833
80832
23780
8542
112268296
4627
25828
80020
8664
11020
107985578
4689
1439
7263
4357
79734
114904
5880
27128
105373024
4242
11135
3957
26088
23616
101927051
57026
3956
79159
11078
102724378
3005
129138
51386
85377
84645
5435
9463
8398
23764
25829
102800317
1454
11015
10521
25776
56993
9929
9567
25777
10126
23466
200315
105373033
9582
100874530
27350
200316
140564
60489
23492
6122
116936
9145
10454
100506472
54471
468
91582
23112
158
27352
57591
10478
6767
63929
9978
2033
83746
100506544
150356
5905
23264
7008
10766
84844
50
171568
5372
27351
2547
4809
107985567
79640
150365
79879
112637020
6721
440829
164684
4668
150368
91689
4700
100132273
1565
102723722
1564
6942
150372
101927344
94009
27341
253190
91695
84271
1727
26286
11252
101927393
25809
27349
706
23170
25813
29780
64098
84247
55615
100506714
10762
105373064
23313
7380
55007
25814
100271722
150381
400931
5465
150383
55020
55687
9620
23151
64781
105373077
25771
105369161
348645
23774
105377205
9889
79087
79174
415116
102465493
23209
56666
80305
83642
105373095
85378
83933
23654
414918
9701
6305
91289
29781
9997
1890
440836
102724608
105373098
113730
107985568
386593
1375
1120
410
284942
11158
109864271
109864273
109864274
109864272
102724770
55344
8225
283981
28227
1438
112268304
3563
101928032
101928055
293
105373102
751580
80161
8623
286530
8227
438
105373105
207063
9189
101928092
401577
4267
414
100506356
5613
389906
8226
412
8228
6907
55841
1183
3052
10943
5634
51284
51311
7114
170082
9367
6399
8481
54960
286480
2187
158747
5277
660
340591
114004397
11238
8551
8233
8905
56474
94056
55787
5931
9185
4810
6322
6792
100132163
5256
101928415
5160
389840
30011
256643
1964
6197
51360
6611
10549
23597
6303
79135
80311
1968
7543
5165
5422
80231
2710
257397
1536
6990
6103
58526
54880
10159
159013
9282
100873985
8239
1654
8573
2857
80258
139341
7403
55634
641339
401588
56548
84679
6102
9767
54539
8241
7317
8552
5127
8237
7592
203414
369
7076
5199
2002
8409
100133957
347344
7569
57232
24140
64840
10682
4943
5935
64743
7454
6839
10013
10245
10084
7355
11040
55593
3750
56850
7030
90060
11230
11152
27238
105373195
79917
5355
4007
6855
28952
50943
89801
158572
389856
1184
23708
9500
727866
29057
64061
8242
23096
8243
3028
10075
23133
54954
90121
2245
54552
10916
27301
90736
28986
10325
11279
29978
550643
442454
169981
474343
54466
158586
7789
139886
92249
23229
139285
55906
81887
4478
407008
11326
4983
286451
9754
1947
64219
3476
51248
29934
4303
158830
3561
9968
54413
107985688
9203
4841
6872
8473
93953
340527
441502
340526
392490
5303
6191
55869
53344
9383
7503
554203
100302692
51132
22
139596
51260
546
84061
1349
538
441531
5230
51616
10800
27334
84636
254065
6451
139324
139322
340562
1121
1730
1478
79979
1678
695
100529097
6173
2717
3188
100131755
51309
54470
51566
9823
84460
64860
100528062
56271
90843
79921
85012
9338
9643
340544
401612
644353
286437
139231
55285
5631
1831
5716
115201
55916
2182
105373311
84187
101928589
9949
79868
54521
139818
3597
79836
10857
203427
100303728
292
63932
7319
55922
23157
347454
6170
65109
7737
4694
79576
10009
3920
8450
28985
29071
57187
331
10735
4952
54440
51114
10813
63035
2000
9131
55609
9016
51634
55855
10495
51765
90167
57826
101928578
55796
84295
3251
159090
159091
56180
8933
26071
7626
203523
203522
93380
10479
79649
27336
9459
27316
286410
139065
2332
2334
3423
105373366
100131434
91966
84548
541578
100272228
4534
8776
83692
3149
203547
1069
50814
7739
114824
10838
139735
55559
92002
6535
10134
215
26576
3421
6748
393
8260
5973
3054
8269
3654
4204
105373386
2316
2010
6134
26778
1774
6901
158960
537
2664
9130
55558
8270
8266
8273
60343
2539
8517
139716
1736
4354
2157
8263
100302111
65991
100272147
4515
79184
7411
116442
1193
101927830
474383
100422985
474384
100422977
100507404
55217
10251
6845
3581
727856
6192
7544
5616
64595
8287
8653
7404
246126
8284
9086
283788
100861532
100008588
100008589
101929819
107987399
107987398
100233156
389834
4558
4549
4577
4550
4567
4535
4565
4572
4569
4536
4578
4553
4570
4511
4579
4512
4574
4555
4513
4566
4509
4508
4514
4563
4537
4573
4539
4538
4564
4575
4568
4540
4541
4556
4519
4576
4571
